0.00000 1.00000
0.10000 1.20000
0.20000 1.25800
0.30000 1.33522
0.40000 1.37759
0.50000 1.39222
0.60000 1.37844
0.70000 1.33709
0.80000 1.27065
0.90000 1.18303
1.00000 1.07919
1.10000 0.96463
1.20000 0.84496
1.30000 0.72539
1.40000 0.61044
1.50000 0.50366
1.60000 0.40750
1.70000 0.32339
1.80000 0.25179
1.90000 0.19240
2.00000 0.14433
2.10000 0.10632
2.20000 0.07693
2.30000 0.05471
2.40000 0.03824
2.50000 0.02629
2.60000 0.01778
2.70000 0.01184
2.80000 0.00776
2.90000 0.00501
3.00000 0.00319
3.10000 0.00200
3.20000 0.00124
3.30000 0.00075
3.40000 0.00045
3.50000 0.00027
3.60000 0.00016
3.70000 0.00009
3.80000 0.00005
3.90000 0.00003
4.00000 0.00002