0.00000 1.00000
0.10000 1.10000
0.20000 1.18200
0.30000 1.24438
0.40000 1.28358
0.50000 1.29720
0.60000 1.28437
0.70000 1.24584
0.80000 1.18393
0.90000 1.10229
1.00000 1.00554
1.10000 0.89880
1.20000 0.78729
1.30000 0.67589
1.40000 0.56878
1.50000 0.46928
1.60000 0.37969
1.70000 0.30132
1.80000 0.23461
1.90000 0.17927
2.00000 0.13448
2.10000 0.09906
2.20000 0.07168
2.30000 0.05097
2.40000 0.03563
2.50000 0.02450
2.60000 0.01657
2.70000 0.01103
2.80000 0.00723
2.90000 0.00467
3.00000 0.00297
3.10000 0.00186
3.20000 0.00115
3.30000 0.00070
3.40000 0.00042
3.50000 0.00025
3.60000 0.00015
3.70000 0.00009
3.80000 0.00005
3.90000 0.00003
4.00000 0.00002