0.00000 1.00000
0.10000 1.10000
0.20000 1.18800
0.30000 1.25928
0.40000 1.30965
0.50000 1.33584
0.60000 1.33584
0.70000 1.30913
0.80000 1.25676
0.90000 1.18136
1.00000 1.08685
1.10000 0.97816
1.20000 0.86078
1.30000 0.74027
1.40000 0.62183
1.50000 0.50990
1.60000 0.40792
1.70000 0.31818
1.80000 0.24182
1.90000 0.17894
2.00000 0.12884
2.10000 0.09019
2.20000 0.06133
2.30000 0.04048
2.40000 0.02590
2.50000 0.01606
2.60000 0.00964
2.70000 0.00559
2.80000 0.00313
2.90000 0.00169
3.00000 0.00088
3.10000 0.00044
3.20000 0.00021
3.30000 0.00010
3.40000 0.00004
3.50000 0.00002
3.60000 0.00001
3.70000 0.00000
3.80000 0.00000
3.90000 0.00000
4.00000 0.00000